1|1|17.07|17.24|16.09|16.49|16.00|12.13|11.43|9.59|9.16|9.08|8.17|6.35|5.35|5.18
1|2|17.08|17.25|16.09|16.50|16.00|12.13|11.43|10.00|9.17|9.09|8.17|6.36|5.36|5.18
1|3|17.09|17.26|16.10|16.51|16.01|12.13|11.43|10.01|9.17|9.09|8.17|6.36|5.36|5.18
1|4|17.10|17.27|16.11|16.52|16.02|12.14|11.44|10.01|9.17|9.10|8.17|6.36|5.36|5.18
1|5|17.10|17.28|16.12|16.52|16.03|12.15|11.45|10.01|9.17|9.10|8.17|6.36|5.36|5.18
1|6|17.11|17.29|16.12|16.53|16.03|12.15|11.45|10.02|9.18|9.10|8.17|6.36|5.36|5.18
1|7|17.12|17.30|16.13|16.54|16.04|12.15|11.45|10.02|9.18|9.10|8.18|6.36|5.36|5.18
1|8|17.13|17.31|16.14|16.55|16.05|12.16|11.46|10.02|9.19|9.11|8.18|6.36|5.36|5.18
1|9|17.14|17.31|16.14|16.56|16.06|12.16|11.46|10.02|9.19|9.11|8.18|6.36|5.36|5.18
1|10|17.14|17.32|16.16|16.56|16.06|12.17|11.47|10.02|9.19|9.11|8.18|6.36|5.36|5.18
1|11|17.15|17.33|16.17|16.57|16.07|12.17|11.47|10.03|9.19|9.11|8.19|6.36|5.36|5.18
1|12|17.16|17.34|16.18|16.58|16.08|12.17|11.47|10.03|9.19|9.11|8.19|6.36|5.36|5.18
1|13|17.17|17.34|16.18|16.59|16.09|12.18|11.48|10.03|9.20|9.11|8.19|6.36|5.36|5.18
1|14|17.18|17.35|16.19|17.00|16.10|12.18|11.48|10.04|9.20|9.12|8.20|6.36|5.36|5.18
1|15|17.19|17.35|16.20|17.01|16.11|12.18|11.48|10.04|9.20|9.12|8.20|6.36|5.36|5.18
1|16|17.20|17.36|16.21|17.02|16.11|12.18|11.48|10.04|9.21|9.12|8.21|6.36|5.36|5.18
1|17|17.20|17.37|16.22|17.02|16.11|12.18|11.48|10.04|9.21|9.12|8.21|6.35|5.35|5.18
1|18|17.21|17.38|16.22|17.03|16.12|12.19|11.49|10.04|9.21|9.12|8.21|6.35|5.35|5.17
1|19|17.22|17.39|16.23|17.04|16.13|12.19|11.49|10.04|9.21|9.12|8.21|6.35|5.35|5.17
1|20|17.23|17.40|16.24|17.05|16.14|12.20|11.50|10.04|9.20|9.12|8.20|6.34|5.34|5.16
1|21|17.24|17.41|16.25|17.06|16.15|12.20|11.50|10.04|9.20|9.12|8.19|6.34|5.34|5.15
1|22|17.25|17.42|16.26|17.07|16.16|12.20|11.50|10.05|9.20|9.12|8.19|6.34|5.34|5.15
1|23|17.26|17.42|16.27|17.08|16.17|12.20|11.50|10.05|9.21|9.12|8.19|6.34|5.34|5.15
1|24|17.27|17.44|16.28|17.09|16.18|12.21|11.51|10.05|9.20|9.12|8.19|6.33|5.33|5.14
1|25|17.28|17.45|16.29|17.10|16.18|12.21|11.51|10.05|9.21|9.12|8.19|6.33|5.33|5.14
1|26|17.29|17.47|16.30|17.11|16.19|12.21|11.51|10.05|9.20|9.11|8.18|6.32|5.32|5.13
1|27|17.30|17.47|16.31|17.12|16.20|12.21|11.51|10.05|9.20|9.12|8.18|6.32|5.32|5.12
1|28|17.31|17.48|16.32|17.13|16.21|12.22|11.52|10.05|9.20|9.11|8.17|6.31|5.31|5.11
1|29|17.32|17.49|16.33|17.14|16.22|12.22|11.52|10.05|9.20|9.11|8.17|6.31|5.31|5.11
1|30|17.32|17.49|16.33|17.14|16.22|12.22|11.52|10.04|9.19|9.11|8.17|6.30|5.30|5.10
1|31|17.33|17.50|16.34|17.15|16.22|12.22|11.52|10.04|9.19|9.11|8.16|6.30|5.30|5.09
2|1|17.34|17.50|16.35|17.16|16.23|12.22|11.52|10.04|9.19|9.10|8.16|6.29|5.29|5.08
2|2|17.35|17.50|16.36|17.17|16.23|12.22|11.52|10.04|9.18|9.10|8.15|6.28|5.28|5.07
2|3|17.36|17.51|16.37|17.18|16.24|12.22|11.52|10.04|9.18|9.10|8.15|6.28|5.28|5.06
2|4|17.37|17.52|16.38|17.19|16.25|12.22|11.52|10.04|9.18|9.10|8.15|6.27|5.27|5.06
2|5|17.38|17.53|16.39|17.20|16.26|12.23|11.53|10.04|9.18|9.10|8.15|6.27|5.27|5.05
2|6|17.39|17.54|16.40|17.21|16.27|12.23|11.53|10.04|9.18|9.09|8.14|6.26|5.26|5.04
2|7|17.39|17.55|16.41|17.21|16.27|12.23|11.53|10.03|9.17|9.09|8.13|6.25|5.25|5.03
2|8|17.40|17.56|16.42|17.22|16.28|12.23|11.53|10.03|9.17|9.08|8.13|6.24|5.24|5.02
2|9|17.41|17.57|16.43|17.23|16.28|12.23|11.53|10.03|9.16|9.08|8.12|6.23|5.23|5.01
2|10|17.42|17.57|16.44|17.24|16.29|12.23|11.53|10.02|9.16|9.07|8.11|6.22|5.22|5.00
2|11|17.43|17.58|16.44|17.25|16.30|12.23|11.53|10.03|9.16|9.07|8.11|6.22|5.22|4.59
2|12|17.44|17.59|16.45|17.26|16.31|12.23|11.53|10.02|9.15|9.07|8.11|6.21|5.21|4.58
2|13|17.44|18.00|16.46|17.26|16.31|12.23|11.53|10.02|9.15|9.06|8.10|6.20|5.20|4.57
2|14|17.45|18.01|16.46|17.27|16.32|12.23|11.53|10.01|9.14|9.06|8.09|6.19|5.19|4.55
2|15|17.46|18.02|16.47|17.28|16.33|12.23|11.53|10.01|9.13|9.05|8.08|6.18|5.18|4.54
2|16|17.47|18.02|16.48|17.29|16.34|12.23|11.53|10.01|9.13|9.05|8.08|6.17|5.16|4.53
2|17|17.48|18.03|16.49|17.30|16.35|12.23|11.53|10.00|9.13|9.04|8.07|6.16|5.15|4.52
2|18|17.49|18.04|16.50|17.31|16.35|12.22|11.52|10.00|9.12|9.04|8.07|6.15|5.14|4.51
2|19|17.49|18.05|16.51|17.31|16.35|12.22|11.52|9.59|9.12|9.03|8.06|6.14|5.13|4.50
2|20|17.50|18.05|16.51|17.32|16.35|12.22|11.52|9.59|9.11|9.03|8.05|6.14|5.13|4.49
2|21|17.51|18.05|16.52|17.33|16.36|12.22|11.52|9.59|9.10|9.02|8.04|6.12|5.11|4.47
2|22|17.52|18.06|16.53|17.34|16.37|12.22|11.52|9.58|9.10|9.01|8.03|6.11|5.09|4.46
2|23|17.52|18.07|16.54|17.34|16.37|12.22|11.52|9.58|9.09|9.01|8.03|6.10|5.08|4.45
2|24|17.53|18.07|16.55|17.35|16.37|12.22|11.52|9.57|9.09|9.00|8.03|6.09|5.07|4.44
2|25|17.54|18.08|16.56|17.36|16.38|12.22|11.52|9.57|9.08|9.00|8.02|6.08|5.06|4.42
2|26|17.55|18.09|16.56|17.37|16.39|12.21|11.51|9.57|9.08|8.59|8.01|6.07|5.05|4.41
2|27|17.56|18.10|16.57|17.38|16.39|12.21|11.51|9.56|9.07|8.59|8.00|6.06|5.04|4.40
2|28|17.56|18.11|16.58|17.38|16.40|12.21|11.51|9.56|9.07|8.58|8.00|6.05|5.02|4.40
2|29|17.57|18.11|16.58|17.39|16.40|12.21|11.51|9.55|9.06|8.57|8.00|6.05|5.02|4.40
3|1|17.57|18.12|16.58|17.39|16.40|12.22|11.52|9.55|9.06|8.57|8.00|6.04|5.01|4.38
3|2|17.58|18.12|16.59|17.40|16.40|12.22|11.52|9.54|9.05|8.55|7.59|6.03|5.00|4.36
3|3|17.58|18.13|17.00|17.40|16.40|12.21|11.51|9.54|9.05|8.56|7.59|6.01|4.58|4.35
3|4|17.59|18.13|17.01|17.41|16.41|12.21|11.51|9.53|9.04|8.54|7.58|6.01|4.57|4.35
3|5|18.00|18.14|17.01|17.42|16.42|12.21|11.51|9.53|9.03|8.54|7.57|5.59|4.55|4.33
3|6|18.01|18.15|17.02|17.43|16.43|12.21|11.51|9.52|9.02|8.53|7.56|5.58|4.54|4.31
3|7|18.01|18.16|17.03|17.43|16.43|12.20|11.50|9.52|9.01|8.53|7.55|5.57|4.53|4.29
3|8|18.02|18.18|17.03|17.44|16.44|12.20|11.50|9.51|9.00|8.51|7.53|5.56|4.51|4.27
3|9|18.03|18.18|17.04|17.45|16.44|12.20|11.50|9.50|8.59|8.51|7.52|5.54|4.49|4.26
3|10|18.03|18.19|17.05|17.45|16.45|12.20|11.50|9.50|8.59|8.50|7.51|5.53|4.48|4.24
3|11|18.04|18.20|17.06|17.46|16.45|12.19|11.49|9.49|8.58|8.50|7.50|5.52|4.47|4.23
3|12|18.05|18.20|17.06|17.47|16.46|12.19|11.49|9.49|8.57|8.49|7.49|5.51|4.46|4.22
3|13|18.05|18.21|17.07|17.47|16.46|12.19|11.49|9.48|8.56|8.48|7.48|5.50|4.45|4.20
3|14|18.06|18.21|17.07|17.48|16.46|12.18|11.48|9.47|8.56|8.47|7.46|5.48|4.43|4.18
3|15|18.07|18.22|17.08|17.49|16.47|12.18|11.48|9.47|8.55|8.46|7.45|5.47|4.42|4.17
3|16|18.07|18.23|17.09|17.49|16.47|12.18|11.48|9.46|8.55|8.46|7.45|5.46|4.40|4.16
3|17|18.08|18.23|17.10|17.50|16.48|12.18|11.48|9.45|8.54|8.45|7.45|5.45|4.39|4.15
3|18|18.09|18.24|17.10|17.51|16.49|12.17|11.47|9.45|8.53|8.44|7.44|5.43|4.37|4.13
3|19|18.09|18.25|17.11|17.51|16.49|12.17|11.47|9.44|8.52|8.43|7.43|5.42|4.36|4.12
3|20|18.10|18.26|17.11|17.52|16.49|12.17|11.47|9.43|8.51|8.42|7.42|5.41|4.35|4.10
3|21|18.11|18.26|17.12|17.53|16.50|12.16|11.46|9.43|8.50|8.42|7.41|5.39|4.33|4.08
3|22|18.12|18.27|17.13|17.54|16.50|12.16|11.46|9.42|8.49|8.41|7.40|5.38|4.31|4.06
3|23|18.12|18.28|17.14|17.54|16.51|12.16|11.46|9.41|8.48|8.40|7.39|5.37|4.30|4.05
3|24|18.13|18.29|17.14|17.55|16.52|12.15|11.45|9.41|8.48|8.39|7.37|5.35|4.28|4.03
3|25|18.14|18.30|17.15|17.56|16.52|12.15|11.45|9.40|8.47|8.38|7.36|5.34|4.26|4.02
3|26|18.14|18.31|17.16|17.56|16.52|12.14|11.44|9.40|8.46|8.38|7.35|5.33|4.25|4.00
3|27|19.15|19.32|18.16|18.57|17.52|13.14|12.44|9.40|8.46|8.37|8.34|6.32|5.24|4.59
3|28|19.16|19.32|18.17|18.58|17.53|13.14|12.44|9.38|8.45|8.36|8.34|6.31|5.23|4.58
3|29|19.16|19.33|18.17|18.58|17.53|13.13|12.43|9.38|8.44|8.35|8.32|6.29|5.21|4.56
3|30|19.17|19.33|18.18|18.59|17.54|13.13|12.43|9.37|8.43|8.35|8.31|6.28|5.19|4.55
3|31|19.17|19.34|18.19|18.59|17.54|13.13|12.43|9.37|8.43|8.35|8.31|6.27|5.18|4.53
4|1|19.18|19.34|18.19|19.00|17.54|13.13|12.43|10.36|9.41|9.33|8.29|6.25|5.16|4.51
4|2|19.19|19.35|18.20|19.01|17.55|13.13|12.43|10.35|9.40|9.32|8.28|6.24|5.15|4.49
4|3|19.19|19.36|18.21|19.01|17.55|13.12|12.42|10.35|9.40|9.32|8.28|6.23|5.14|4.48
4|4|19.20|19.37|18.22|19.02|17.56|13.11|12.41|10.34|9.39|9.30|8.26|6.22|5.12|4.47
4|5|19.20|19.37|18.22|19.02|17.56|13.11|12.41|10.33|9.38|9.30|8.25|6.20|5.10|4.45
4|6|19.21|19.38|18.23|19.03|17.57|13.11|12.41|10.33|9.37|9.29|8.24|6.19|5.09|4.44
4|7|19.22|19.38|18.23|19.04|17.57|13.10|12.40|10.33|9.37|9.29|8.24|6.18|5.08|4.42
4|8|19.23|19.39|18.24|19.05|17.58|13.10|12.40|10.32|9.36|9.28|8.23|6.17|5.07|4.41
4|9|19.23|19.40|18.25|19.05|17.58|13.10|12.40|10.32|9.35|9.27|8.22|6.16|5.06|4.40
4|10|19.24|19.41|18.25|19.06|17.58|13.10|12.40|10.31|9.35|9.26|8.22|6.14|5.04|4.38
4|11|19.25|19.42|18.26|19.07|17.59|13.09|12.39|10.30|9.34|9.25|8.20|6.13|5.02|4.37
4|12|19.25|19.43|18.27|19.07|17.59|13.09|12.39|10.29|9.33|9.24|8.19|6.12|5.01|4.35
4|13|19.26|19.43|18.27|19.08|18.00|13.09|12.39|10.28|9.32|9.23|8.18|6.10|4.59|4.33
4|14|19.26|19.44|18.28|19.08|18.00|13.08|12.38|10.28|9.32|9.23|8.17|6.09|4.58|4.32
4|15|19.27|19.45|18.29|19.09|18.00|13.08|12.38|10.28|9.31|9.22|8.17|6.08|4.57|4.31
4|16|19.28|19.45|18.29|19.10|18.01|13.08|12.38|10.27|9.30|9.22|8.16|6.07|4.55|4.30
4|17|19.28|19.46|18.30|19.10|18.01|13.08|12.38|10.27|9.30|9.21|8.15|6.06|4.54|4.28
4|18|19.29|19.47|18.31|19.11|18.02|13.07|12.37|10.26|9.29|9.20|8.14|6.05|4.53|4.27
4|19|19.30|19.47|18.31|19.12|18.02|13.07|12.37|10.25|9.28|9.19|8.13|6.03|4.51|4.25
4|20|19.30|19.48|18.32|19.12|18.02|13.07|12.37|10.25|9.28|9.19|8.13|6.02|4.49|4.24
4|21|19.31|19.49|18.32|19.13|18.03|13.07|12.37|10.24|9.27|9.18|8.12|6.01|4.48|4.23
4|22|19.32|19.50|18.33|19.14|18.04|13.06|12.36|10.24|9.26|9.18|8.10|6.00|4.47|4.21
4|23|19.33|19.51|18.34|19.15|18.04|13.06|12.36|10.23|9.25|9.17|8.09|5.59|4.46|4.19
4|24|19.33|19.52|18.35|19.15|18.04|13.06|12.36|10.23|9.25|9.16|8.08|5.58|4.45|4.18
4|25|19.34|19.52|18.36|19.16|18.05|13.06|12.36|10.23|9.24|9.16|8.08|5.57|4.44|4.17
4|26|19.35|19.53|18.36|19.17|18.05|13.06|12.36|10.22|9.24|9.15|8.07|5.56|4.43|4.16
4|27|19.35|19.54|18.37|19.17|18.06|13.06|12.36|10.22|9.23|9.15|8.07|5.55|4.41|4.15
4|28|19.36|19.54|18.38|19.18|18.07|13.06|12.36|10.21|9.22|9.14|8.06|5.54|4.40|4.14
4|29|19.37|19.55|18.39|19.19|18.08|13.05|12.35|10.21|9.22|9.14|8.05|5.53|4.39|4.12
4|30|19.38|19.56|18.39|19.20|18.08|13.05|12.35|10.20|9.22|9.13|8.05|5.52|4.38|4.11
5|1|19.38|19.57|18.40|19.20|18.09|13.05|12.35|10.20|9.22|9.12|8.05|5.51|4.36|4.11
5|2|19.39|19.58|18.40|19.21|18.10|13.05|12.35|10.20|9.22|9.12|8.04|5.50|4.35|4.10
5|3|19.40|19.58|18.41|19.22|18.11|13.05|12.35|10.19|9.20|9.11|8.04|5.49|4.34|4.09
5|4|19.40|19.59|18.42|19.22|18.11|13.05|12.35|10.19|9.20|9.11|8.02|5.48|4.33|4.07
5|5|19.41|20.00|18.42|19.23|18.11|13.05|12.35|10.18|9.20|9.10|8.02|5.47|4.32|4.06
5|6|19.42|20.01|18.43|19.24|18.12|13.05|12.35|10.18|9.19|9.10|8.01|5.46|4.31|4.05
5|7|19.43|20.02|18.44|19.25|18.13|13.04|12.34|10.17|9.19|9.09|8.00|5.45|4.30|4.03
5|8|19.43|20.03|18.44|19.25|18.13|13.04|12.34|10.18|9.18|9.09|8.00|5.44|4.29|4.03
5|9|19.44|20.04|18.45|19.26|18.14|13.04|12.34|10.17|9.18|9.09|8.00|5.44|4.29|4.02
5|10|19.45|20.05|18.46|19.27|18.14|13.04|12.34|10.17|9.17|9.09|8.00|5.43|4.28|4.00
5|11|19.45|20.06|18.47|19.27|18.14|13.04|12.34|10.17|9.17|9.08|7.59|5.42|4.27|4.00
5|12|19.46|20.06|18.47|19.28|18.15|13.04|12.34|10.16|9.16|9.07|7.58|5.41|4.26|3.58
5|13|19.47|20.07|18.48|19.29|18.16|13.04|12.34|10.17|9.17|9.08|7.58|5.41|4.26|3.58
5|14|19.47|20.08|18.49|19.29|18.16|13.04|12.34|10.16|9.17|9.07|7.57|5.40|4.25|3.58
5|15|19.48|20.08|18.49|19.30|18.17|13.04|12.34|10.16|9.16|9.06|7.56|5.39|4.24|3.56
5|16|19.49|20.09|18.50|19.31|18.18|13.04|12.34|10.15|9.16|9.06|7.56|5.38|4.23|3.55
5|17|19.49|20.10|18.51|19.31|18.18|13.04|12.34|10.15|9.14|9.06|7.55|5.38|4.23|3.53
5|18|19.50|20.11|18.51|19.32|18.19|13.04|12.34|10.15|9.15|9.05|7.55|5.37|4.22|3.53
5|19|19.51|20.12|18.52|19.33|18.19|13.04|12.34|10.15|9.15|9.05|7.55|5.36|4.21|3.52
5|20|19.52|20.13|18.53|19.34|18.20|13.04|12.34|10.15|9.15|9.05|7.54|5.36|4.21|3.52
5|21|19.52|20.14|18.54|19.34|18.20|13.04|12.34|10.14|9.13|9.04|7.54|5.35|4.20|3.50
5|22|19.53|20.15|18.54|19.35|18.21|13.04|12.34|10.15|9.14|9.05|7.53|5.35|4.20|3.50
5|23|19.54|20.15|18.55|19.36|18.22|13.04|12.34|10.14|9.14|9.04|7.53|5.34|4.19|3.50
5|24|19.54|20.16|18.56|19.36|18.22|13.05|12.35|10.14|9.13|9.04|7.53|5.34|4.19|3.49
5|25|19.55|20.16|18.56|19.37|18.23|13.05|12.35|10.14|9.13|9.04|7.52|5.33|4.18|3.48
5|26|19.55|20.17|18.57|19.37|18.23|13.05|12.35|10.14|9.13|9.04|7.52|5.33|4.18|3.48
5|27|19.56|20.18|18.57|19.38|18.23|13.05|12.35|10.14|9.13|9.03|7.51|5.32|4.17|3.47
5|28|19.57|20.18|18.58|19.39|18.24|13.05|12.35|10.14|9.13|9.03|7.51|5.32|4.17|3.47
5|29|19.58|20.19|18.59|19.40|18.25|13.05|12.35|10.14|9.13|9.04|7.51|5.32|4.17|3.46
5|30|19.58|20.20|19.00|19.40|18.25|13.05|12.35|10.14|9.13|9.03|7.51|5.31|4.16|3.46
5|31|19.59|20.20|19.00|19.41|18.26|13.05|12.35|10.14|9.13|9.03|7.51|5.31|4.16|3.46
6|1|19.59|20.21|19.01|19.41|18.27|13.05|12.35|10.14|9.13|9.03|7.51|5.31|4.16|3.45
6|2|20.00|20.22|19.01|19.42|18.28|13.06|12.36|10.14|9.12|9.03|7.51|5.31|4.16|3.45
6|3|20.00|20.23|19.02|19.42|18.28|13.06|12.36|10.14|9.12|9.03|7.50|5.30|4.15|3.44
6|4|20.01|20.23|19.02|19.43|18.29|13.07|12.37|10.14|9.12|9.03|7.50|5.30|4.15|3.43
6|5|20.01|20.24|19.03|19.43|18.29|13.07|12.37|10.14|9.12|9.03|7.50|5.30|4.15|3.43
6|6|20.02|20.24|19.03|19.44|18.30|13.07|12.37|10.14|9.12|9.03|7.50|5.30|4.15|3.43
6|7|20.02|20.25|19.04|19.44|18.30|13.07|12.37|10.14|9.13|9.03|7.50|5.29|4.14|3.43
6|8|20.03|20.25|19.05|19.45|18.31|13.07|12.37|10.14|9.13|9.03|7.50|5.29|4.14|3.43
6|9|20.04|20.26|19.05|19.46|18.32|13.08|12.38|10.14|9.13|9.03|7.51|5.29|4.14|3.43
6|10|20.04|20.26|19.05|19.46|18.32|13.08|12.38|10.14|9.13|9.03|7.51|5.29|4.14|3.43
6|11|20.04|20.27|19.06|19.46|18.32|13.08|12.38|10.15|9.13|9.03|7.51|5.29|4.14|3.43
6|12|20.05|20.27|19.06|19.47|18.33|13.08|12.38|10.15|9.13|9.03|7.51|5.29|4.14|3.43
6|13|20.05|20.28|19.07|19.47|18.33|13.08|12.38|10.15|9.14|9.03|7.51|5.29|4.14|3.43
6|14|20.06|20.28|19.07|19.48|18.34|13.09|12.39|10.15|9.14|9.03|7.51|5.29|4.14|3.43
6|15|20.06|20.28|19.07|19.48|18.34|13.09|12.39|10.15|9.14|9.03|7.51|5.29|4.14|3.43
6|16|20.06|20.29|19.07|19.48|18.34|13.09|12.39|10.15|9.14|9.03|7.51|5.29|4.14|3.43
6|17|20.06|20.29|19.08|19.48|18.34|13.09|12.39|10.15|9.14|9.04|7.51|5.29|4.14|3.43
6|18|20.07|20.29|19.08|19.49|18.34|13.09|12.39|10.16|9.14|9.04|7.51|5.29|4.14|3.43
6|19|20.07|20.30|19.09|19.49|18.34|13.10|12.40|10.16|9.14|9.05|7.51|5.30|4.15|3.43
6|20|20.08|20.30|19.09|19.50|18.35|13.10|12.40|10.16|9.14|9.05|7.52|5.30|4.15|3.43
6|21|20.08|20.30|19.10|19.50|18.35|13.10|12.40|10.16|9.14|9.05|7.52|5.30|4.15|3.43
6|22|20.08|20.30|19.10|19.50|18.35|13.10|12.40|10.16|9.14|9.05|7.52|5.30|4.15|3.43
6|23|20.08|20.31|19.10|19.50|18.35|13.10|12.40|10.16|9.14|9.05|7.52|5.30|4.15|3.43
6|24|20.08|20.31|19.10|19.50|18.35|13.11|12.41|10.17|9.15|9.06|7.52|5.30|4.15|3.43
6|25|20.09|20.31|19.10|19.51|18.36|13.11|12.41|10.17|9.15|9.06|7.52|5.31|4.16|3.43
6|26|20.09|20.31|19.11|19.51|18.36|13.11|12.41|10.17|9.15|9.06|7.52|5.31|4.16|3.44
6|27|20.09|20.31|19.11|19.51|18.36|13.11|12.41|10.18|9.15|9.06|7.52|5.31|4.16|3.44
6|28|20.09|20.31|19.11|19.51|18.36|13.11|12.41|10.18|9.16|9.06|7.52|5.32|4.17|3.44
6|29|20.09|20.31|19.11|19.51|18.36|13.11|12.41|10.18|9.16|9.06|7.53|5.32|4.17|3.45
6|30|20.09|20.32|19.11|19.51|18.36|13.11|12.41|10.19|9.17|9.07|7.53|5.32|4.17|3.45
7|1|20.09|20.32|19.11|19.51|18.36|13.11|12.41|10.19|9.17|9.07|7.54|5.33|4.18|3.46
7|2|20.09|20.32|19.11|19.51|18.36|13.12|12.42|10.19|9.17|9.07|7.54|5.33|4.18|3.46
7|3|20.09|20.32|19.11|19.51|18.36|13.12|12.42|10.19|9.17|9.08|7.54|5.33|4.18|3.46
7|4|20.09|20.32|19.11|19.51|18.36|13.12|12.42|10.19|9.17|9.08|7.55|5.34|4.19|3.47
7|5|20.09|20.32|19.11|19.51|18.36|13.12|12.42|10.20|9.18|9.09|7.55|5.34|4.19|3.47
7|6|20.09|20.32|19.11|19.51|18.36|13.12|12.42|10.21|9.19|9.09|7.56|5.35|4.20|3.48
7|7|20.09|20.31|19.11|19.51|18.36|13.12|12.42|10.20|9.18|9.09|7.56|5.35|4.20|3.48
7|8|20.09|20.31|19.11|19.51|18.36|13.13|12.43|10.21|9.20|9.10|7.57|5.36|4.21|3.49
7|9|20.08|20.31|19.11|19.50|18.36|13.13|12.43|10.21|9.20|9.10|7.57|5.36|4.21|3.49
7|10|20.08|20.31|19.10|19.50|18.36|13.13|12.43|10.22|9.20|9.11|7.59|5.37|4.22|3.51
7|11|20.08|20.31|19.10|19.50|18.36|13.13|12.43|10.21|9.21|9.10|7.59|5.37|4.22|3.52
7|12|20.08|20.30|19.10|19.50|18.36|13.13|12.43|10.22|9.21|9.11|7.59|5.38|4.23|3.52
7|13|20.07|20.30|19.10|19.49|18.35|13.13|12.43|10.22|9.21|9.11|7.59|5.38|4.23|3.53
7|14|20.07|20.29|19.09|19.49|18.35|13.13|12.43|10.22|9.21|9.12|7.59|5.39|4.24|3.53
7|15|20.07|20.28|19.09|19.49|18.35|13.14|12.44|10.23|9.21|9.12|8.00|5.39|4.24|3.54
7|16|20.06|20.28|19.09|19.48|18.34|13.14|12.44|10.23|9.21|9.12|8.00|5.40|4.25|3.55
7|17|20.06|20.27|19.08|19.48|18.34|13.14|12.44|10.23|9.22|9.13|8.00|5.41|4.26|3.55
7|18|20.06|20.27|19.08|19.48|18.34|13.14|12.44|10.23|9.22|9.13|8.00|5.41|4.26|3.55
7|19|20.05|20.27|19.08|19.47|18.33|13.14|12.44|10.24|9.23|9.13|8.01|5.42|4.27|3.57
7|20|20.04|20.26|19.07|19.46|18.32|13.14|12.44|10.24|9.23|9.13|8.01|5.42|4.27|3.57
7|21|20.04|20.26|19.06|19.46|18.32|13.14|12.44|10.24|9.23|9.14|8.02|5.43|4.28|3.58
7|22|20.04|20.25|19.06|19.46|18.32|13.14|12.44|10.24|9.23|9.14|8.03|5.44|4.29|3.59
7|23|20.03|20.25|19.06|19.45|18.32|13.14|12.44|10.25|9.24|9.15|8.03|5.44|4.29|3.59
7|24|20.03|20.24|19.05|19.45|18.31|13.14|12.44|10.24|9.23|9.14|8.03|5.45|4.30|4.00
7|25|20.02|20.23|19.05|19.44|18.30|13.14|12.44|10.25|9.24|9.15|8.03|5.45|4.30|4.00
7|26|20.01|20.22|19.04|19.43|18.29|13.14|12.44|10.25|9.24|9.16|8.03|5.46|4.31|4.01
7|27|20.01|20.21|19.03|19.43|18.29|13.14|12.44|10.25|9.24|9.15|8.04|5.47|4.32|4.02
7|28|20.00|20.21|19.02|19.42|18.29|13.14|12.44|10.25|9.25|9.16|8.04|5.47|4.32|4.02
7|29|19.59|20.20|19.02|19.41|18.28|13.14|12.44|10.26|9.25|9.17|8.05|5.48|4.33|4.04
7|30|19.59|20.19|19.01|19.41|18.28|13.14|12.44|10.26|9.25|9.17|8.05|5.49|4.34|4.04
7|31|19.58|20.18|19.01|19.40|18.27|13.14|12.44|10.26|9.25|9.17|8.05|5.49|4.34|4.05
8|1|19.57|20.18|19.00|19.39|18.25|13.15|12.45|10.26|9.26|9.17|8.06|5.50|4.35|4.06
8|2|19.56|20.17|18.59|19.38|18.25|13.15|12.45|10.26|9.26|9.17|8.06|5.51|4.36|4.07
8|3|19.55|20.15|18.58|19.37|18.25|13.15|12.45|10.27|9.27|9.18|8.07|5.51|4.36|4.08
8|4|19.55|20.14|18.58|19.37|18.25|13.15|12.45|10.27|9.28|9.18|8.08|5.52|4.37|4.09
8|5|19.54|20.14|18.57|19.36|18.23|13.15|12.45|10.27|9.27|9.18|8.09|5.53|4.38|4.11
8|6|19.53|20.13|18.56|19.35|18.23|13.15|12.45|10.27|9.28|9.19|8.09|5.53|4.38|4.11
8|7|19.52|20.12|18.55|19.34|18.22|13.15|12.45|10.27|9.28|9.18|8.09|5.54|4.39|4.12
8|8|19.51|20.11|18.54|19.33|18.21|13.14|12.44|10.27|9.28|9.19|8.10|5.54|4.39|4.13
8|9|19.50|20.10|18.53|19.32|18.21|13.14|12.44|10.27|9.28|9.19|8.10|5.55|4.40|4.13
8|10|19.49|20.08|18.52|19.31|18.20|13.14|12.44|10.27|9.29|9.19|8.10|5.56|4.41|4.14
8|11|19.49|20.07|18.52|19.31|18.19|13.14|12.44|10.28|9.29|9.20|8.10|5.56|4.42|4.15
8|12|19.48|20.06|18.51|19.30|18.18|13.14|12.44|10.28|9.29|9.20|8.11|5.57|4.42|4.16
8|13|19.47|20.05|18.50|19.29|18.18|13.14|12.44|10.28|9.30|9.21|8.11|5.58|4.43|4.17
8|14|19.46|20.04|18.49|19.28|18.17|13.14|12.44|10.28|9.30|9.20|8.12|5.59|4.44|4.18
8|15|19.44|20.03|18.48|19.26|18.15|13.13|12.43|10.28|9.29|9.21|8.12|5.59|4.44|4.19
8|16|19.43|20.02|18.46|19.25|18.13|13.13|12.43|10.28|9.29|9.21|8.12|6.00|4.46|4.19
8|17|19.42|20.01|18.45|19.24|18.12|13.13|12.43|10.28|9.30|9.21|8.13|6.00|4.46|4.20
8|18|19.41|20.00|18.44|19.23|18.12|13.13|12.43|10.28|9.30|9.22|8.13|6.01|4.47|4.21
8|19|19.40|19.59|18.43|19.22|18.11|13.13|12.43|10.29|9.30|9.22|8.14|6.02|4.48|4.22
8|20|19.39|19.57|18.42|19.21|18.10|13.12|12.42|10.29|9.31|9.22|8.14|6.03|4.50|4.23
8|21|19.38|19.56|18.41|19.20|18.10|13.12|12.42|10.29|9.31|9.22|8.14|6.03|4.50|4.24
8|22|19.37|19.55|18.40|19.19|18.09|13.12|12.42|10.29|9.31|9.23|8.15|6.04|4.51|4.25
8|23|19.36|19.53|18.39|19.18|18.08|13.12|12.42|10.29|9.32|9.23|8.15|6.05|4.52|4.26
8|24|19.35|19.52|18.38|19.17|18.07|13.11|12.41|10.29|9.32|9.23|8.16|6.05|4.53|4.27
8|25|19.33|19.50|18.36|19.15|18.05|13.11|12.41|10.29|9.33|9.23|8.16|6.06|4.54|4.28
8|26|19.32|19.50|18.35|19.14|18.05|13.11|12.41|10.29|9.32|9.23|8.17|6.06|4.54|4.30
8|27|19.31|19.49|18.34|19.13|18.04|13.11|12.41|10.29|9.32|9.24|8.17|6.07|4.55|4.30
8|28|19.30|19.47|18.33|19.12|18.03|13.10|12.40|10.29|9.32|9.24|8.17|6.08|4.56|4.30
8|29|19.29|19.46|18.32|19.11|18.02|13.10|12.40|10.29|9.32|9.24|8.17|6.08|4.56|4.31
8|30|19.28|19.45|18.31|19.09|18.01|13.10|12.40|10.29|9.33|9.24|8.17|6.09|4.58|4.32
8|31|19.27|19.44|18.29|19.08|18.00|13.09|12.39|10.29|9.32|9.24|8.18|6.10|4.59|4.33
9|1|19.25|19.42|18.28|19.07|17.59|13.09|12.39|10.29|9.33|9.25|8.18|6.10|4.59|4.33
9|2|19.23|19.41|18.27|19.05|17.57|13.09|12.39|10.29|9.33|9.24|8.18|6.11|5.00|4.34
9|3|19.22|19.40|18.26|19.04|17.56|13.08|12.38|10.29|9.34|9.25|8.18|6.12|5.01|4.35
9|4|19.21|19.38|18.24|19.03|17.55|13.08|12.38|10.28|9.33|9.24|8.19|6.12|5.01|4.36
9|5|19.20|19.36|18.23|19.02|17.54|13.08|12.37|10.29|9.34|9.25|8.19|6.13|5.03|4.38
9|6|19.18|19.35|18.22|19.00|17.53|13.07|12.37|10.29|9.33|9.25|8.20|6.13|5.03|4.38
9|7|19.17|19.34|18.21|18.59|17.53|13.07|12.37|10.28|9.33|9.25|8.20|6.14|5.04|4.39
9|8|19.16|19.32|18.19|18.58|17.52|13.07|12.37|10.29|9.34|9.25|8.20|6.15|5.05|4.39
9|9|19.14|19.31|18.18|18.56|17.50|13.07|12.37|10.29|9.34|9.26|8.20|6.15|5.05|4.40
9|10|19.13|19.30|18.17|18.55|17.49|13.05|12.35|10.29|9.34|9.26|8.21|6.16|5.07|4.41
9|11|19.12|19.29|18.16|18.54|17.48|13.05|12.35|10.29|9.34|9.26|8.21|6.17|5.08|4.42
9|12|19.11|19.27|18.15|18.53|17.47|13.05|12.35|10.29|9.34|9.26|8.21|6.17|5.08|4.43
9|13|19.09|19.26|18.13|18.51|17.45|13.04|12.34|10.29|9.34|9.26|8.21|6.18|5.09|4.43
9|14|19.08|19.24|18.12|18.50|17.45|13.04|12.34|10.29|9.34|9.26|8.21|6.19|5.10|4.44
9|15|19.07|19.23|18.11|18.49|17.44|13.04|12.34|10.29|9.35|9.27|8.22|6.19|5.10|4.45
9|16|19.06|19.20|18.08|18.48|17.43|13.03|12.33|10.28|9.35|9.26|8.23|6.20|5.12|4.47
9|17|19.04|19.18|18.07|18.46|17.41|13.03|12.33|10.29|9.34|9.27|8.23|6.20|5.12|4.47
9|18|19.03|19.17|18.05|18.45|17.40|13.03|12.33|10.29|9.35|9.27|8.23|6.21|5.13|4.47
9|19|19.02|19.17|18.05|18.44|17.40|13.03|12.33|10.29|9.35|9.27|8.23|6.22|5.14|4.48
9|20|19.00|19.16|18.04|18.42|17.38|13.02|12.32|10.29|9.35|9.27|8.23|6.22|5.14|4.49
9|21|18.59|19.15|18.03|18.41|17.37|13.02|12.32|10.29|9.35|9.27|8.24|6.23|5.15|4.50
9|22|18.58|19.13|18.02|18.40|17.36|13.02|12.32|10.29|9.35|9.27|8.24|6.23|5.17|4.51
9|23|18.56|19.11|18.00|18.38|17.35|13.01|12.31|10.29|9.35|9.27|8.24|6.24|5.17|4.52
9|24|18.55|19.10|17.59|18.37|17.34|13.01|12.31|10.29|9.35|9.27|8.25|6.24|5.18|4.54
9|25|18.54|19.09|17.57|18.36|17.33|13.01|12.31|10.29|9.35|9.27|8.25|6.25|5.18|4.54
9|26|18.52|19.08|17.56|18.34|17.32|13.00|12.30|10.29|9.35|9.27|8.26|6.26|5.20|4.55
9|27|18.51|19.06|17.54|18.33|17.31|13.00|12.30|10.29|9.35|9.27|8.26|6.26|5.20|4.56
9|28|18.50|19.05|17.52|18.32|17.30|13.00|12.30|10.29|9.35|9.27|8.27|6.27|5.21|4.57
9|29|18.48|19.04|17.51|18.30|17.28|12.59|12.29|10.29|9.35|9.27|8.27|6.28|5.22|4.57
9|30|18.47|19.02|17.50|18.29|17.27|12.59|12.29|10.28|9.36|9.28|8.27|6.28|5.22|4.58
10|1|18.46|19.01|17.49|18.28|17.26|12.58|12.28|10.28|9.37|9.28|8.28|6.29|5.24|5.00
10|2|18.44|19.00|17.48|18.26|17.25|12.58|12.28|10.28|9.37|9.29|8.28|6.30|5.25|5.01
10|3|18.43|18.59|17.47|18.25|17.24|12.57|12.27|10.28|9.37|9.28|8.28|6.30|5.25|5.01
10|4|18.42|18.57|17.46|18.24|17.23|12.57|12.27|10.28|9.37|9.29|8.29|6.31|5.26|5.02
10|5|18.41|18.56|17.44|18.23|17.22|12.57|12.27|10.29|9.37|9.29|8.29|6.32|5.27|5.02
10|6|18.40|18.55|17.43|18.22|17.21|12.56|12.26|10.28|9.37|9.29|8.29|6.32|5.27|5.03
10|7|18.38|18.53|17.42|18.20|17.20|12.56|12.26|10.28|9.37|9.29|8.29|6.33|5.29|5.04
10|8|18.37|18.52|17.41|18.19|17.19|12.56|12.26|10.29|9.38|9.30|8.30|6.34|5.30|5.05
10|9|18.36|18.50|17.40|18.18|17.18|12.56|12.26|10.28|9.38|9.30|8.30|6.34|5.31|5.06
10|10|18.35|18.49|17.38|18.17|17.17|12.56|12.26|10.29|9.39|9.30|8.31|6.35|5.32|5.08
10|11|18.33|18.48|17.37|18.15|17.16|12.55|12.25|10.29|9.39|9.30|8.31|6.36|5.32|5.09
10|12|18.32|18.47|17.36|18.14|17.15|12.55|12.25|10.28|9.39|9.30|8.31|6.36|5.33|5.09
10|13|18.31|18.46|17.35|18.13|17.14|12.55|12.25|10.29|9.39|9.31|8.32|6.37|5.34|5.10
10|14|18.30|18.44|17.33|18.12|17.13|12.55|12.25|10.29|9.39|9.31|8.32|6.38|5.35|5.11
10|15|18.29|18.43|17.32|18.11|17.13|12.54|12.24|10.29|9.40|9.32|8.33|6.39|5.36|5.12
10|16|18.28|18.42|17.31|18.10|17.12|12.54|12.24|10.29|9.40|9.31|8.33|6.39|5.36|5.13
10|17|18.26|18.41|17.30|18.08|17.10|12.54|12.24|10.29|9.40|9.32|8.34|6.40|5.37|5.14
10|18|18.25|18.40|17.29|18.07|17.09|12.54|12.24|10.29|9.40|9.32|8.34|6.41|5.39|5.15
10|19|18.24|18.39|17.28|18.06|17.08|12.53|12.23|10.29|9.40|9.32|8.34|6.41|5.39|5.15
10|20|18.23|18.38|17.27|18.05|17.08|12.53|12.23|10.29|9.41|9.32|8.35|6.42|5.40|5.17
10|21|18.22|18.37|17.26|18.04|17.07|12.53|12.23|10.30|9.41|9.33|8.35|6.43|5.40|5.18
10|22|18.21|18.36|17.25|18.03|17.06|12.53|12.23|10.29|9.42|9.33|8.36|6.43|5.41|5.19
10|23|18.20|18.35|17.24|18.02|17.05|12.53|12.23|10.30|9.42|9.33|8.36|6.44|5.42|5.20
10|24|18.19|18.34|17.23|18.01|17.04|12.52|12.22|10.30|9.42|9.34|8.36|6.45|5.44|5.20
10|25|18.18|18.33|17.22|18.00|17.03|12.52|12.22|10.30|9.43|9.34|8.37|6.46|5.45|5.22
10|26|18.17|18.32|17.21|17.59|17.02|12.52|12.22|10.31|9.43|9.35|8.38|6.47|5.46|5.23
10|27|17.16|17.31|16.20|16.58|16.02|11.52|11.22|9.30|8.43|8.34|7.38|5.47|4.46|4.23
10|28|17.15|17.31|16.19|16.57|16.01|11.52|11.22|9.31|8.43|8.35|7.38|5.48|4.47|4.24
10|29|17.14|17.30|16.18|16.56|16.01|11.52|11.22|9.31|8.44|8.35|7.39|5.49|4.48|4.26
10|30|17.13|17.29|16.17|16.55|16.00|11.52|11.22|9.31|8.44|8.36|7.40|5.50|4.49|4.27
10|31|17.12|17.28|16.16|16.54|15.59|11.52|11.22|9.32|8.45|8.36|7.40|5.51|4.50|4.28
11|1|17.11|17.27|16.15|16.53|15.58|11.52|11.22|9.31|8.44|8.36|7.40|5.51|4.51|4.28
11|2|17.11|17.26|16.14|16.53|15.58|11.52|11.22|9.32|8.45|8.37|7.41|5.52|4.52|4.29
11|3|17.10|17.25|16.13|16.52|15.57|11.52|11.22|9.33|8.46|8.38|7.41|5.53|4.53|4.30
11|4|17.09|17.25|16.12|16.51|15.57|11.52|11.22|9.33|8.46|8.38|7.42|5.54|4.54|4.32
11|5|17.08|17.24|16.11|16.50|15.56|11.52|11.22|9.33|8.47|8.38|7.43|5.55|4.55|4.33
11|6|17.07|17.23|16.11|16.49|15.55|11.52|11.22|9.33|8.46|8.38|7.43|5.55|4.55|4.33
11|7|17.07|17.22|16.10|16.49|15.55|11.52|11.22|9.34|8.47|8.40|7.43|5.57|4.57|4.34
11|8|17.06|17.21|16.09|16.48|15.54|11.52|11.22|9.34|8.47|8.39|7.44|5.57|4.57|4.35
11|9|17.05|17.21|16.08|16.47|15.54|11.52|11.22|9.34|8.48|8.40|7.45|5.58|4.58|4.37
11|10|17.04|17.20|16.08|16.46|15.53|11.52|11.22|9.34|8.48|8.40|7.45|5.59|4.59|4.37
11|11|17.04|17.20|16.07|16.46|15.53|11.52|11.22|9.35|8.49|8.41|7.46|6.00|5.00|4.38
11|12|17.03|17.20|16.07|16.45|15.52|11.52|11.22|9.35|8.50|8.42|7.47|6.01|5.01|4.40
11|13|17.02|17.19|16.06|16.44|15.52|11.53|11.23|9.35|8.50|8.42|7.48|6.01|5.01|4.41
11|14|17.02|17.19|16.05|16.44|15.52|11.53|11.23|9.36|8.51|8.42|7.49|6.02|5.02|4.42
11|15|17.02|17.18|16.05|16.44|15.52|11.53|11.23|9.36|8.51|8.43|7.49|6.03|5.03|4.43
11|16|17.01|17.18|16.04|16.43|15.51|11.53|11.23|9.37|8.52|8.43|7.50|6.04|5.04|4.44
11|17|17.01|17.17|16.03|16.43|15.51|11.53|11.23|9.37|8.52|8.44|7.50|6.05|5.05|4.45
11|18|17.00|17.17|16.03|16.42|15.50|11.53|11.23|9.38|8.53|8.45|7.51|6.06|5.06|4.46
11|19|16.59|17.16|16.02|16.41|15.50|11.54|11.24|9.38|8.53|8.45|7.51|6.07|5.07|4.47
11|20|16.59|17.15|16.02|16.41|15.50|11.54|11.24|9.39|8.54|8.46|7.52|6.08|5.08|4.48
11|21|16.59|17.15|16.01|16.41|15.50|11.54|11.24|9.39|8.54|8.47|7.53|6.09|5.09|4.49
11|22|16.58|17.15|16.01|16.40|15.49|11.54|11.24|9.39|8.55|8.47|7.54|6.09|5.09|4.51
11|23|16.58|17.15|16.01|16.40|15.49|11.55|11.25|9.40|8.56|8.47|7.55|6.10|5.10|4.52
11|24|16.58|17.14|16.00|16.40|15.49|11.55|11.25|9.40|8.57|8.48|7.56|6.11|5.11|4.53
11|25|16.58|17.14|16.00|16.40|15.49|11.55|11.25|9.41|8.57|8.49|7.56|6.12|5.12|4.53
11|26|16.57|17.14|16.00|16.39|15.49|11.56|11.26|9.41|8.57|8.49|7.56|6.13|5.13|4.54
11|27|16.57|17.14|16.00|16.39|15.49|11.56|11.26|9.41|8.58|8.49|7.57|6.13|5.13|4.55
11|28|16.57|17.14|15.59|16.39|15.49|11.56|11.26|9.42|8.58|8.50|7.58|6.14|5.14|4.56
11|29|16.57|17.14|15.59|16.39|15.49|11.57|11.27|9.43|8.59|8.51|7.59|6.15|5.15|4.57
11|30|16.57|17.14|15.59|16.39|15.49|11.57|11.27|9.43|9.00|8.51|7.59|6.16|5.16|4.58
12|1|4.57|17.13|15.59|16.39|15.49|11.58|11.28|9.44|9.00|8.52|8.00|6.17|5.17|4.59
12|2|4.57|17.13|15.59|16.39|15.49|11.58|11.28|9.45|9.00|8.53|8.00|6.18|5.18|4.59
12|3|4.57|17.13|15.59|16.39|15.49|11.58|11.28|9.45|9.01|8.54|8.00|6.19|5.19|5.00
12|4|4.57|17.13|15.59|16.39|15.49|11.59|11.29|9.45|9.02|8.54|8.01|6.19|5.19|5.01
12|5|4.57|17.14|15.59|16.39|15.49|11.59|11.29|9.46|9.02|8.54|8.02|6.20|5.20|5.02
12|6|4.57|17.14|15.59|16.39|15.49|11.59|11.29|9.47|9.04|8.55|8.04|6.21|5.21|5.04
12|7|4.57|17.14|15.59|16.39|15.50|12.00|11.30|9.47|9.04|8.56|8.05|6.22|5.22|5.05
12|8|4.57|17.14|15.59|16.39|15.50|12.00|11.30|9.48|9.04|8.57|8.05|6.23|5.23|5.05
12|9|4.57|17.15|15.59|16.39|15.50|12.01|11.31|9.48|9.05|8.57|8.06|6.23|5.23|5.06
12|10|4.57|17.15|15.59|16.39|15.50|12.01|11.31|9.49|9.06|8.57|8.06|6.24|5.24|5.07
12|11|4.57|17.15|15.59|16.39|15.50|12.02|11.32|9.49|9.06|8.58|8.07|6.25|5.25|5.08
12|12|4.58|17.15|16.00|16.40|15.51|12.02|11.32|9.50|9.07|8.59|8.07|6.26|5.26|5.08
12|13|4.58|17.15|16.00|16.40|15.51|12.03|11.33|9.50|9.07|8.59|8.07|6.26|5.26|5.09
12|14|4.58|17.15|16.01|16.40|15.51|12.03|11.33|9.51|9.08|9.00|8.08|6.27|5.27|5.10
12|15|4.58|17.16|16.01|16.40|15.51|12.03|11.33|9.51|9.08|9.00|8.08|6.27|5.27|5.10
12|16|4.59|17.17|16.01|16.41|15.52|12.04|11.34|9.52|9.09|9.01|8.09|6.28|5.28|5.11
12|17|4.59|17.17|16.01|16.41|15.52|12.04|11.34|9.53|9.09|9.02|8.09|6.29|5.29|5.11
12|18|4.59|17.17|16.02|16.41|15.52|12.05|11.35|9.53|9.10|9.02|8.10|6.29|5.29|5.12
12|19|5.00|17.18|16.02|16.42|15.53|12.05|11.35|9.54|9.11|9.03|8.11|6.30|5.30|5.13
12|20|5.00|17.18|16.02|16.42|15.53|12.06|11.36|9.54|9.11|9.03|8.12|6.31|5.31|5.14
12|21|17.01|17.18|16.02|16.43|15.54|12.06|11.36|9.55|9.12|9.04|8.12|6.31|5.31|5.14
12|22|17.01|17.19|16.03|16.43|15.54|12.07|11.37|9.55|9.12|9.04|8.13|6.32|5.32|5.14
12|23|17.02|17.19|16.03|16.44|15.55|12.07|11.37|9.56|9.13|9.05|8.14|6.32|5.32|5.16
12|24|17.02|17.20|16.04|16.44|15.55|12.08|11.38|9.56|9.14|9.05|8.15|6.33|5.33|5.17
12|25|17.03|17.20|16.05|16.45|15.56|12.08|11.38|9.57|9.14|9.06|8.15|6.33|5.33|5.17
12|26|17.03|17.21|16.05|16.45|15.56|12.09|11.39|9.57|9.14|9.06|8.15|6.33|5.33|5.17
12|27|17.04|17.22|16.06|16.46|15.57|12.09|11.39|9.58|9.15|9.07|8.15|6.34|5.34|5.17
12|28|17.05|17.22|16.07|16.47|15.58|12.10|11.40|9.58|9.15|9.07|8.15|6.34|5.34|5.17
12|29|17.05|17.23|16.07|16.47|15.58|12.10|11.40|9.58|9.15|9.07|8.15|6.34|5.34|5.17
12|30|17.06|17.24|16.07|16.48|15.59|12.12|11.42|9.59|9.16|9.08|8.16|6.35|5.35|5.18
12|31|17.07|17.24|16.08|16.49|16.00|12.12|11.42|9.59|9.16|9.08|8.16|6,35|5.35|5.18
